15432
987
12045
3321
15999
781
4523
118
6409
15002
223
8712
15678
4921
13007
299
14444
1600
7203
531
14921
8422
613
15876
2741
3902
11003
765
15234
9011
487
13876
6021
119
14777
8203
4112
13699
2503
159
7122
5317
14011
823
10421
6543
15551
377
1499
11021
947
13456
7891
153
6667
9023
158
14222
4351
9999
2683
1201
13789
441
15503
7211
3889
14003
8081
129
15087
5323
6712
14321
911
12113
3345
15801
602
14503
7432
2221
137
15601
9876
413
12089
5671
15203
888
14903
611
13487
902
15839
3001
1409
15901
777
10007
5003
14389
820
15677
319
14701
6541
12003
782
15121
999
13231
4201
1583
14401
7012
2501
13999
8123
621
15791
2033
1301
14567
8301
1117
15821
4444
1503
14201
703
16000
2981
13403
571
15511
7641
4103
14801
983
13901
6321
1049
15301
811
14783
6001
1553
14999
2223
13511
7102
401
15971
8831
2201
14621
532
13801
7751
15811
9111
13201
1001
14111
8201
3003
15001
721
15931
6301
9013
14303
8011
127
15211
4601
1357
15701
8209
9991
13877
7129
15173
4441
12011
6023
14711
8213
13421
9091
15871
5501
14423
7127
160
14911
8207
13711
4211
15541
6823
13003
9007
15803
5101
14639
7223
1109
15331
8881
14033
909
15217
6113
14501
7301
15991
4111
1217
15619
871
14921
6203
13723
481
15869
7121
13313
541
14741
9103
15013
8821
1603
13921
7701
1259
15559
4003
14249
8309
15161
901
13241
1111
14657
7123
15511
681
14341
8021
15841
9123
13033
5201
14759
883
15289
7001
14029
1009
15913
6121
14519
8221
15107
431
13841
7219
15349
9017
12037
6007
14831
8303
13217
911
15749
4203
14983
7003
14387
8117
15961
3301
13537
9001
14717
8201
15199
1223
13829
7021
14479
8111
15269
5107
13171
9029
15641
7013
14281
8823
15907
4109
13469
7309
14797
6011
15233
9203
13859
7123
14969
8017
15569
4021
13121
7109
14051
8119
15923
521
14633
7019
15377
9019
13931
8121
14897
6001
15733
7027
14107
8203
15091
9113
13331
7011
14591
8011
15299
6127
13751
9011
15997
4103
14411
7001
15073
8211
15823
901
13997
6119
14713
8321
15149
4221
13817
7117
14563
8011
15271
9109
13159
7221
14081
8011
15919
5211
14747
7103
15307
9023
13913
8009
14879
6121
15731
7021
14143
8209
15013
9119
13367
7003
14549
8017
15263
6103
13711
9013
15937
4201
14489
7013
15053
8203
15859
9017
13933
6113
14723
8321
15121
4223
13873
7127
14533
8011
15241
9113
13183
7223
14057
8017
15959
5221
14783
7109
15373
9029
13967
8001
14831
6123
15797
7027
14197
8203
15083
9111
13397
7009
14507
8013
15287
6109
13723
9017
15971
4203
14431
7017
15061
8201
15803
9013
13921
6111
14741
8323
15173
4229
13841
7121
14591
8019
15217
9117
13127
7227
14033
8013
15911
5223
14797
7107
15349
9027
13973
8007
14813
6127
15779
7029
14123
8207
15029
9117
13313
7017
14561
8011
15289
6107
13759
9019
15943
4207
14423
7011
15091
8209
15811
9011
13901
6117
14783
8329
15161
4231
13811
7129
14513
8017
15239
9119
13103
7229
14011
8019
15983
5229
14753
7101
15319
9021
13981
8003
14897
6129
15767
7031
14171
8201
15047
9113
13399
7013
14527
8019
15257
6101
13799
9011
15989
4209
14461
7019
15011
8207
15817
9019
13987
6115
14729
8331
15187
4237
13807
7133
14519
8013
15211
9121
13109
7231
14063
8011
15929
5231
14719
7103
15361
9023
13991
8005
14867
6131
15791
7033
14189
8205
15071
9115
13337
7015
14503
8015
15221
6105
13733
9015
15917
4211
14447
7015
15017
8203
15829
9013
13903
6113
14761
8333
15133
4241
13853
7137
14597
8011
15219
9123
13177
7233
14087
8017
15941
5233
14767
7109
15323
9025
13947
8009
14851
6133
15713
7035
14159
8209
15059
9117
13307
7019
14587
8013
15273
6107
13721
9017
15961
4213
14473
7017
15089
8201
15841
9011
13965
6111
14711
8337
15193
4243
13831
7141
14543
8019
15283
9127
13121
7237
14021
8013
15973
5237
14789
7107
15389
9027
13957
8011
14891
6137
15737
7037
14131
8203
15031
9119
13391
7021
14571
8017
15293
6109
13743
9019
15911
4217
14483
7013
15077
8207
15871
9017
13911
6117
14737
8341
15107
4247
13871
7143
14567
8011
15247
9131
13199
7241
14093
8019
15901
5241
14743
7101
15341
9029
13983
8001
14823
6141
15757
7041
14113
8201
15097
9121
13361
7023
14529
8019
15213
6111
13787
9011
15983
4219
14429
7011
15023
8209
15819
9019
13943
6119
14771
8343
15179
4249
13817
7147
14583
8013
15237
9133
13157
7243
14047
8017
15967
5243
14731
7103
15311
9031
13929
8003
14841
6143
15781
7043
14179
8205
15041
9123
13321
7027
14511
8015
15261
6113
13767
9013
15913
4223
14497
7015
15067
8203
15843
9013
13977
6121
14717
8347
15123
4251
13861
7151
14501
8017
15291
9137
13141
7247
14073
8011
15979
5247
14759
7109
15397
9037
13961
8007
14871
6147
15711
7047
14141
8207
15019
9127
13373
7031
14593
8013
15231
6117
13713
9017
15931
4227
14417
7017
15043
8201
15861
9011
13949
6123
14783
8351
15167
4253
13823
7153
14539
8011
15259
9141
13187
7251
14013
8019
15947
5251
14791
7107
15353
9041
13971
8013
14811
6151
15723
7051
14161
8201
15011
9131
13319
7033
14577
8017
15249
6121
13791
9019
15991
4231
14441
7011
15083
8207
15807
9017
13917
6127
14701
8353
15151
4257
13847
7157
14521
8013
15277
9143
13163
7253
14059
8017
15953
5253
14713
7101
15307
9043
13907
8001
14863
6153
15761
7053
14183
8205
15037
9133
13301
7037
14551
8019
15207
6123
13727
9011
15977
4237
14459
7019
15057
8203
15873
9013
13963
6129
14723
8357
15191
4259
13829
7161
14563
8011
15211
9147
13111
7257
14027
8013
15907
5257
14747
7103
15379
9047
13993
8009
14827
6157
15719
7057
14117
8209
15073
9137
13351
7041
14537
8013
15267
6127
13757
9013
15923
4241
14467
7013
15029
8201
15883
9011
13935
6131
14797
8361
15139
4261
13891
7163
14509
8017
15241
9151
13193
7261
14083
8019
15971
5261
14761
7109
15343
9051
13955
8011
14899
6161
15743
7061
14129
8201
15001
9141
13381
7043
14585
8017
15235
6133
13719
9017
15941
4243
14479
7017
15099
8207
15831
9019
13927
6137
14741
8363
15113
4263
13837
7169
14579
8013
15297
9157
13173
7267
14039
8017
15911
5267
14719
7101
15367
9053
13911
8003
14855
6163
15789
7063
14147
8205
15063
9143
13311
7047
14567
8019
15253
6137
13783
9011
15959
4247
14491
7011
15013
8203
15897
9013
13985
6141
14759
8367
15183
4267
13813
7171
14541
8011
15213
9161
13147
7271
14071
8019
15997
5271
14783
7107
15317
9059
13941
8013
14833
6171
15707
7071
14107
8201
15087
9151
13391
7051
14511
8017
15283
6143
13741
9019
15907
4251
14423
7013
15041
8209
15809
9011
13913
6147
14771
8371
15127
4271
13873
7177
14533
8013
15271
9163
13129
7273
14019
8017
15943
5273
14753
7103
15389
9061
13969
8001
14877
6173
15731
7073
14171
8203
15017
9157
13363
7053
14549
8013
15221
6147
13711
9017
15983
4253
14453
7017
15071
8201
15827
9013
13997
6151
14713
8373
15197
4273
13841
7181
14519
8017
15289
9167
13101
7279
14097
8019
15919
5279
14789
7109
15359
9067
13987
8007
14811
6179
15717
7079
14137
8209
15049
9161
13317
7057
14597
8011
15239
6157
13773
9011
15931
4257
14411
7011
15061
8207
15893
9017
13921
6161
14737
8377
15161
4277
13859
7187
14573
8019
15219
9173
13159
7283
14043
8011
15973
5283
14767
7101
15311
9071
13951
8013
14861
6181
15753
7081
14119
8201
15079
9163
13373
7061
14529
8017
15291
6163
13799
9013
15961
4261
14439
7013
15031
8203
15811
9011
13973
6167
14783
8381
15143
4283
13811
7193
14583
8011
15261
9179
13183
7291
14089
8017
15989
5291
14723
7103
15347
9073
13901
8003
14891
6191
15767
7091
14197
8205
15011
9167
13329
7063
14561
8019
15247
6173
13759
9017
15913
4267
14497
7017
15019
8201
15837
9013
13943
6179
14729
8387
15109
4297
13867
7199
14511
8017
15233
9181
13111
7297
14063
8013
15937
5297
14741
7107
15379
9077
13961
8009
14873
6197
15719
7097
14159
8207
15091
9173
13381
7071
14577
8013
15269
6179
13721
9019
15947
4271
14461
7019
15073
8209
15871
9017
13911
6181
14759
8391
15187
4299
13823
7201
14593
8011
15211
9187
13171
7301
14011
8019
15991
5301
14713
7101
15323
9081
13991
8011
14837
6203
15779
7103
14143
8201
15013
9179
13307
7073
14539
8017
15283
6187
13783
9011
15971
4273
14429
7011
15047
8203
15803
9013
13977
6191
14771
8393
15151
4301
13847
7207
14521
8013
15271
9191
13141
7307
14029
8017
15917
5303
14783
7109
15353
9083
13907
8001
14863
6209
15743
7109
14183
8205
15037
9187
13351
7079
14587
8019
15207
6197
13713
9017
15923
4277
14473
7017
15059
8201
15841
9011
13963
6203
14717
8397
15173
4303
13831
7211
14563
8011
15241
9197
13199
7311
14073
8019
15959
5309
14761
7103
15397
9091
13993
8007
14811
6211
15711
7117
14117
8209
15073
9199
13319
7081
14537
8013
15267
6209
13757
9013
15931
4283
14417
7013
15023
8207
15883
9017
13935
6217
14797
8401
15139
4307
13891
7213
14509
8017
15211
9203
13173
7313
14083
8019
15941
5311
14719
7101
15341
9097
13955
8011
14899
6221
15723
7121
14129
8201
15001
9209
13381
7087
14585
8017
15235
6211
13719
9017
15983
4289
14479
7017
15099
8207
15831
9019
13927
6229
14741
8407
15113
4313
13837
7219
14579
8013
15297
9221
13147
7321
14039
8017
15911
5317
14753
7103
15367
9103
13911
8003
14855
6233
15789
7129
14147
8205
15063
9227
13311
7091
14567
8019
15253
6221
13783
9011
15959
4297
14491
7011
15013
8203
15897
9013
13985
6239
14759
8411
15183
4321
13813
7223
14541
8011
15213
9239
13183
7331
14071
8019
15997
5323
14783
7107
15317
9109
13941
8013
14833
6247
15707
7133
14107
8201
15087
9241
13391
7097
14511
8017
15283
6233
13741
9019
15907
4301
14423
7013
15041
8209
15809
9011
13913
6251
14771
8423
15127
4337
13873
7237
14533
8013
15271
9257
13129
7349
14019
8017
15943
5333
14767
7101
15311
9113
13951
8013
14861
6263
15753
7141
14119
8201
15079
9269
13373
7103
14529
8017
15291
6247
13799
9013
15961
4317
14439
7013
15031
8203
15811
9011
13973
6271
14783
8431
15143
4349
13811
7243
14583
8011
15261
9281
13183
7351
14089
8017
15989
5347
14723
7103
15347
9127
13901
8003
14891
6287
15767
7151
14197
8205
15011
9293
13329
7109
14561
8019
15247
6257
13759
9017
15913
4337
14497
7017
15019
8201
15837
9013
13943
6299
14729
8443
15109
4357
13867
7253
14511
8017
15233
9311
13111
7369
14063
8013
15937
5351
14741
7107
15379
9133
13961
8009
14873
6311
15719
7163
14159
8207
15091
9323
13381
7121
14577
8013
15269
6263
13721
9019
15947
4349