14461
7019
15073
8209
6323
14759
8461
15187
4363
14593
8011
9337
13171
7393
14011
15991
5381
14713
9151
6337
7177
14143
15013
9341
7127
8017
6271
9011
15971
15803
9013
6353
14771
4373
15271
9371
7411
14029
5393
14783
7109
9161
13907
6361
7187
9377
6287
15923
13963
6373
14717
15173
4391
13831
7283
14563
15241
9391
7433
15959
5407
7103
9173
6389
7193
9403
7151
14537
6299
13757
4397
7013
6397
14797
8501
15139
4409
7297
9413
7451
14083
5413
9187
7207
9431
13381
6311
14479
6427
14741
8521
4421
7307
9437
13147
7481
5431
14753
9199
6449
7219
9461
4423
6451
8537
4441
7321
9473
13183
7499
14071
5441
9203
6469
7229
14107
9491
15907
4447
14423
15809
13913
6473
8543
4451
13873
7333
14533
9511
7517
5471
14767
9221
6491
7243
9521
13799
4457
15031
8563
4463
7349
9533
7523
5483
14723
9239
13901
14891
6521
15767
7253
14197
9547
14561
13759
15913
8573
4481
7351
15233
9551
7541
15937
5501
9241
8009
6551
14159
15091
7211
15269
13721
4483
6563
8597
4493
7369
9587
7559
5519
9257
6577
9601
6599
8609
4513
9613
7577
5527
9277
6619
9623
4517
6637
8623
4523
9643
7589
5531
9283
6653
9661
6673
8641
4547
9677
7603
5557
9293
6689
9689
6421
4549
6701
8663
4561
9697
5563
9311
6719
9719
4567
6733
8677
4583
7459
9733
7621
5573
9323
9743
4591
6761
8693
4603
9767
7643
5591
6781
9781
6793
8707
4621
9791
6803
9803
6823
8719
4639
9811
7673
5623
6833
9833
6481
4643
6841
8731
4657
9851
7691
5639
6857
4663
6869
8747
4679
9871
7703
5651
6883
9883
6899
8753
4691
9901
7717
5669
6911
9923
4703
8761
4721
9931
7723
5683
6947
9949
6529
4723
6959
8779
4733
7583
9967
7741
5693
6971
9973
6547
4751
6983
8783
4783
7757
5701
6997
4787
